1  7.74414  -4.4  4.2  0.0  18.0  19  116
1  8.03398  -5.7  4.8  -0.3  69.1  9  506
1  4.700480000000001  -13.5  4.3  0.2  80.0  3  95
1  7.5251  1.4  3.0  0.1  177.0  22  161
1  7.7626  4.1  5.6  1.1  287.0  7  80
1  7.886830000000001  5.8  2.3  -0.1  200.0  9  33
1  7.81521  2.7  1.9  0.4  228.0  7  129
1  7.7777899999999995  7.1  8.9  0.2  220.0  15  155
1  6.89163  4.1  2.0  0.1  183.0  9  132
1  7.6774  1.1  5.2  0.1  43.1  10  480
1  5.71373  -9.0  3.4  0.0  80.0  6  98
1  8.334710000000001  1.6  4.4  -0.3  78.1  16  558
1  4.65396  -0.4  5.7  0.8  267.0  3  121
1  7.38895  -4.8  6.0  0.0  81.0  20  122
1  7.81763  -0.9  1.4  -0.3  236.0  15  51
1  4.96981  -0.5  0.6  1.7  341.1  4  552
1  7.803839999999999  -1.0  1.8  0.0  16.0  7  150
1  7.6216800000000005  -2.3  5.2  -0.1  66.1  12  428
1  5.21494  5.8  2.6  -0.2  68.8  3  582
1  7.64204  5.1  2.2  1.1  199.0  18  538
1  7.771489999999999  10.8  2.4  -1.5  329.8  13  579
1  8.31385  12.2  4.0  -2.8  230.4  17  572
1  7.639639999999999  -2.8  2.1  -1.6  210.2  11  512
1  7.05531  11.2  3.3  2.3  302.8  23  604
1  7.38275  13.6  0.6  -0.8  159.8  11  602
1  7.5678600000000005  -12.3  3.7  -0.2  70.0  12  460
1  7.9222600000000005  4.2  1.4  0.2  161.0  7  127
1  7.38771  -2.8  4.5  0.1  53.3  21  417
1  7.4793  3.4  7.2  0.5  209.1  12  477
1  3.9702900000000003  -11.7  2.7  1.7  81.0  4  87
1  8.05102  -2.5  3.2  0.1  83.0  9  51
1  6.6783399999999995  3.9  4.8  -0.6  66.8  8  573
1  7.346010000000001  3.0  1.4  1.0  200.0  21  177
1  7.54062  0.0  6.1  -0.2  207.5  19  489
1  4.82028  -2.6  2.1  0.7  72.8  4  530
1  7.80057  1.0  2.2  0.0  99.0  7  65
1  7.41878  -0.2  1.1  3.2  138.0  22  49
1  7.960319999999999  7.7  4.8  -0.2  66.0  17  196
1  8.23669  10.7  5.3  -0.9  205.0  17  192
1  8.307210000000001  9.3  7.3  -0.5  206.0  17  212
1  8.26333  9.5  5.0  -0.9  208.0  17  208
1  7.50329  1.6  4.5  0.1  117.0  19  62
1  6.49527  -3.4  0.5  1.1  217.0  6  135
1  7.74414  -1.3  4.2  -0.2  59.0  15  149
1  6.75577  -3.2  2.6  0.6  70.5  21  398
1  6.51915  -1.8  2.3  1.1  81.0  23  174
1  4.7706800000000005  -0.5  0.5  0.7  358.0  4  402
1  7.8872100000000005  7.6  4.0  -0.6  180.0  13  208
1  5.42053  3.4  2.9  0.4  74.7  3  567
1  3.80666  7.4  3.2  -0.1  225.0  3  205
1  4.8752  -3.5  3.8  -0.1  60.5  3  418
1  8.25088  19.8  4.8  -1.9  260.0  17  206
1  7.855160000000001  16.3  3.4  -0.1  225.3  20  605
1  8.25427  -7.3  5.0  0.0  60.0  8  506
1  7.362010000000001  -0.6  0.8  1.1  88.3  21  422
1  7.59388  -0.4  4.5  -0.2  64.6  13  430
1  8.35208  17.8  5.0  -2.5  219.6  16  599
1  4.624969999999999  -1.9  2.2  2.2  268.0  4  172
1  7.398789999999999  -10.0  3.8  -0.1  78.4  20  449
1  6.48616  -1.3  2.9  0.7  63.3  24  397
1  6.20456  4.7  1.5  1.1  104.4  1  588
1  7.64348  0.3  1.5  -0.3  172.0  13  130
1  7.593369999999999  8.8  2.2  0.0  186.0  21  577
1  6.43455  -9.3  3.6  0.1  71.2  9  450
1  7.00033  -2.4  5.8  0.0  61.0  22  418
1  7.49499  2.9  1.2  2.1  271.1  21  543
1  7.8022100000000005  2.5  5.0  0.1  135.0  7  128
1  7.55276  13.4  3.9  0.3  216.8  19  606
1  6.829789999999999  -15.5  3.1  0.2  70.3  22  460
1  7.490530000000001  -1.6  2.2  -0.9  211.7  12  501
1  7.59035  0.1  2.6  -0.1  73.0  11  66
1  5.51745  -2.8  0.5  2.2  5.0  5  155
1  8.18619  -0.9  1.3  0.6  57.0  8  67
1  5.958419999999999  -10.3  1.2  2.5  86.0  24  86
1  7.55276  -4.1  0.7  -0.7  264.8  13  401
1  7.77022  -3.8  4.9  -0.2  68.0  7  166
1  7.99834  8.2  5.6  -0.6  210.0  15  212
1  7.15305  -4.8  4.7  -0.1  74.6  23  441
1  7.959969999999999  -4.3  6.0  0.1  18.0  13  82
1  6.575080000000001  6.2  1.3  1.1  226.0  24  200
1  7.88231  3.3  5.8  -0.1  46.9  19  557
1  7.436030000000001  -1.0  1.8  1.4  89.0  20  44
1  4.955830000000001  -4.0  1.7  1.0  65.0  2  165
1  5.1299  7.8  1.6  1.7  184.3  4  604
1  7.20638  -5.3  1.8  -0.2  80.0  13  451
1  7.461069999999999  2.2  3.1  0.1  62.3  13  470
1  7.532089999999999  14.8  4.2  -4.5  227.7  11  588
1  8.13359  -4.8  1.5  0.0  196.0  17  100
1  6.9177100000000005  12.8  1.0  0.3  103.5  24  602
1  7.12206  -3.2  4.6  -0.1  62.2  12  427
1  8.2845  0.7  0.8  -0.8  86.0  8  541
1  7.5652800000000004  3.5  6.9  0.2  204.4  15  482
1  7.65112  -6.8  2.2  -0.4  78.8  16  517
1  7.67183  8.3  0.7  -1.3  206.2  14  532
1  6.311730000000001  -19.0  2.3  0.8  60.9  8  461
1  7.0775  7.0  4.0  -0.2  54.3  10  578
1  7.341480000000001  -14.6  1.6  -0.4  228.9  14  457
1  7.96346  3.6  3.2  1.2  268.0  18  42
1  7.35116  3.5  1.9  0.2  215.0  20  107
1  7.54115  5.2  0.9  -1.0  280.0  11  155
1  6.64249  -8.3  2.6  0.2  60.0  23  85
1  7.56579  0.6  3.8  -0.4  64.6  12  507
1  8.1806  -0.5  0.7  -0.2  248.0  15  124
1  7.60738  1.0  2.4  -0.1  192.0  13  38
1  7.54327  -8.0  0.6  0.5  88.0  13  94
1  8.20985  -3.0  1.5  2.7  89.6  8  470
1  5.76205  5.0  3.2  0.0  58.0  6  195
1  6.912739999999999  -5.1  0.8  1.4  241.0  23  137
1  8.19781  0.2  2.4  0.5  80.0  8  72
1  7.6024  12.9  5.6  -0.8  46.0  13  188
1  7.54327  2.6  2.6  -1.9  243.0  11  45
1  7.70661  7.8  8.0  -1.2  33.7  13  556
1  5.54518  -0.7  2.0  -0.3  254.0  1  542
1  7.68432  7.7  1.5  -0.1  89.0  16  209
1  7.900639999999999  1.5  1.3  0.9  334.7  18  422
1  7.766839999999999  15.8  3.2  -0.2  125.5  17  595
1  7.97797  4.3  5.7  -1.0  232.0  9  156
1  7.89767  8.1  6.4  -0.5  199.4  7  577
1  8.24065  11.6  6.0  -1.3  213.0  16  193
1  7.075810000000001  2.8  3.2  0.3  223.0  10  69
1  7.7424  -4.4  4.9  -0.1  23.0  10  82
1  6.97915  -5.1  3.3  1.4  81.0  23  98
1  8.27741  2.0  2.5  -0.3  207.2  16  536
1  8.01268  10.0  4.8  -0.5  83.2  9  600
1  5.78996  1.1  4.0  -0.1  79.0  3  70
1  7.459339999999999  6.1  2.5  0.0  92.0  22  210
1  6.22851  0.1  1.9  1.1  208.8  6  538
1  6.45362  -2.6  4.9  0.2  38.3  23  405
1  7.7178  7.9  0.4  0.5  276.0  19  184
1  7.92696  4.8  9.4  0.6  204.0  14  474
1  6.56244  2.6  2.8  -0.7  224.1  8  545
1  8.17273  -9.6  1.1  1.3  191.0  16  94
1  5.1299  -1.5  2.5  -0.1  245.1  4  510
1  4.54329  3.8  5.8  0.7  201.9  3  473
1  5.710430000000001  1.8  2.7  0.9  181.9  1  527
1  8.19257  -0.7  4.1  0.6  252.0  8  121
1  5.00395  3.6  2.7  1.2  344.7  4  533
1  7.3981699999999995  3.9  6.2  0.7  206.0  20  155
1  6.639880000000001  4.7  3.6  0.0  59.0  24  196
1  6.293419999999999  -2.5  4.9  -0.2  84.0  7  167
1  7.4378  -9.9  4.5  -0.1  55.0  11  89
1  7.7977  1.7  2.0  0.3  38.0  15  63
1  7.336289999999999  -12.8  3.5  0.0  79.0  19  97
1  7.51589  4.3  2.1  0.6  32.3  20  555
1  7.708410000000001  2.1  3.1  0.0  79.0  10  64
1  4.6443900000000005  -2.2  4.9  -0.1  77.0  2  114
1  7.77402  3.3  1.8  -0.3  220.0  10  155
1  5.05625  5.6  3.5  -0.1  78.0  4  184
1  5.863630000000001  -0.6  0.6  1.7  142.0  1  79
1  5.5294300000000005  3.4  4.7  0.8  220.1  5  474
1  7.91754  0.2  2.8  0.4  335.0  15  53
1  6.74052  -6.4  2.8  -0.1  77.0  22  84
1  6.53669  8.0  1.9  -0.2  54.6  8  578
1  7.82844  3.6  0.8  1.5  87.7  19  529
1  7.748460000000001  -13.4  4.0  0.2  74.1  13  448
1  5.710430000000001  -2.1  1.3  1.8  87.8  1  485
1  5.648969999999999  -8.7  4.3  -0.2  74.5  1  450
1  6.42972  1.6  1.3  1.0  58.0  8  76
1  6.51323  -3.9  2.8  0.4  71.3  8  398
1  7.9305699999999995  1.4  2.5  0.2  210.5  19  525
1  7.593369999999999  3.3  4.2  1.2  235.0  20  138
1  7.198180000000001  3.0  1.8  1.1  191.0  22  192
1  8.23377  7.2  3.8  -0.2  31.0  15  173
1  8.13212  -1.7  1.5  -0.1  68.0  8  515
1  7.872839999999999  0.8  5.0  0.1  76.2  19  514
1  7.53102  0.1  3.5  1.2  66.3  20  397
1  7.4927600000000005  4.5  6.6  -0.1  210.0  12  156
1  5.65599  0.3  1.5  1.7  303.4  1  529
1  7.07327  -0.9  1.6  -0.5  256.5  9  510
1  6.33683  2.2  2.8  0.1  142.0  1  63
1  7.212289999999999  -0.6  2.1  0.1  60.0  21  134
1  7.86978  3.2  2.6  1.3  286.0  20  42
1  7.840310000000001  4.1  2.7  0.2  175.0  19  56
1  7.983439999999999  -4.8  0.8  1.1  230.1  17  445
1  7.0308600000000006  7.1  1.6  0.5  66.4  22  593
1  7.90175  -4.4  3.8  0.1  15.0  9  82
1  7.722230000000001  7.1  3.9  -0.9  90.0  10  197
1  8.194510000000001  0.0  0.8  -0.3  254.2  16  500
1  7.84698  11.6  4.2  -2.7  247.0  14  200
1  7.58731  3.1  2.2  -3.4  227.0  11  148
1  6.47235  1.5  1.2  1.3  101.0  24  191
1  7.74932  15.0  7.3  -2.2  229.9  14  584
1  8.12711  3.6  4.9  1.2  238.0  18  138
1  5.68358  5.7  1.9  0.3  49.0  6  189
1  7.582739999999999  3.4  6.9  -0.1  194.9  11  548
1  8.014339999999999  10.1  2.4  -0.3  44.0  17  189
1  7.65539  -2.4  2.6  0.7  78.3  18  398
1  7.837160000000001  0.2  4.5  0.0  80.0  7  157
1  6.9921  -15.0  3.3  0.6  66.0  23  462
1  8.082089999999999  5.2  7.2  -1.3  202.7  14  537
1  7.8555399999999995  4.1  3.4  0.1  79.0  7  170
1  7.6806399999999995  6.3  9.4  0.2  248.0  16  160
1  7.5438  8.7  4.0  -1.2  216.3  14  538
1  8.30598  2.4  4.2  -0.7  65.1  8  556
1  5.95324  -5.3  1.0  2.2  60.0  9  77
1  6.2634  2.5  4.3  -0.1  79.0  24  69
1  8.25036  9.3  5.4  -0.8  213.0  16  212
1  7.6177600000000005  -5.6  3.1  -0.5  77.4  11  519
1  7.44425  5.6  7.0  1.0  248.1  12  471
1  7.871689999999999  -1.7  0.5  0.0  218.0  18  51
1  7.64492  -5.6  4.9  -0.1  56.7  7  409
1  7.46851  -3.5  0.7  0.2  165.1  20  520
1  8.18256  -11.2  3.7  0.2  78.0  16  96
1  5.10595  -11.9  0.6  0.8  286.5  4  489
1  5.79301  2.1  2.6  3.1  241.0  1  32
1  7.14125  1.0  4.5  1.3  232.0  21  145
1  7.69303  8.8  3.6  -2.5  85.4  12  547
1  7.2305600000000005  -4.6  6.5  0.1  80.0  21  122
1  6.0845  -5.8  2.0  -0.3  107.5  1  518
1  5.72031  1.0  1.8  0.6  92.0  3  76
1  6.818919999999999  0.1  1.7  -0.1  214.0  11  112
1  5.6733199999999995  -1.9  0.9  3.7  109.2  5  397
1  8.26178  1.0  3.4  1.3  248.0  8  43
1  5.92959  2.1  3.8  0.5  64.2  1  531
1  7.53262  6.1  2.5  -0.1  182.5  21  572
1  8.11761  0.2  0.8  0.9  11.0  16  113
1  7.98446  1.9  5.8  0.2  9.0  9  80
1  7.7463  11.8  6.0  -0.7  212.7  14  582
1  8.19229  -4.4  1.5  0.5  87.9  8  423
1  6.43294  1.9  2.4  0.1  133.0  24  62
1  5.2832  8.6  1.8  1.5  242.0  3  34
1  8.223360000000001  9.1  9.4  -0.5  39.4  16  556
1  7.689830000000001  13.0  0.3  0.4  114.0  22  602
1  6.70564  1.8  0.8  0.1  269.0  6  141
1  7.5842600000000004  4.0  3.1  -1.7  103.7  12  554
1  8.049430000000001  -7.8  0.6  -0.1  177.0  17  95
1  7.728860000000001  8.7  5.5  -0.4  132.3  14  573
1  7.51806  -4.9  4.1  -0.2  73.8  13  436
1  7.58172  -8.8  8.1  -0.1  53.0  18  90
1  8.28425  2.9  3.3  0.8  22.1  17  397
1  8.01731  0.4  3.9  0.7  67.4  18  507
1  7.677860000000001  -0.7  4.3  -0.4  59.0  13  151
1  7.8598  4.2  2.7  1.1  230.7  18  526
1  4.79579  2.7  2.8  0.2  187.0  4  131
1  7.66528  7.4  0.9  -0.2  55.0  13  184
1  4.36945  0.6  4.6  0.1  350.0  3  171
1  7.5251  6.0  3.5  -0.2  78.1  21  571
1  7.73849  1.6  1.6  0.3  211.3  21  525
1  7.620710000000001  3.4  5.9  -0.6  45.0  13  164
1  5.39363  3.3  1.7  -0.1  187.0  4  202
1  5.87774  -5.4  5.1  -0.2  72.2  2  441
1  5.8522  4.2  1.7  1.0  175.0  5  587
1  8.02027  2.0  6.0  -0.1  152.0  18  61
1  7.2370600000000005  -14.2  1.4  -0.1  238.1  18  457
1  7.83281  9.4  2.9  -0.3  248.4  15  540
1  4.605169999999999  1.5  1.1  0.2  233.7  3  480
1  8.11073  0.6  6.8  0.3  10.0  8  54
1  7.5791699999999995  2.5  3.0  -0.2  83.0  13  64
1  8.31361  -0.3  3.0  -0.8  71.8  8  554
1  4.86753  1.4  0.7  1.5  79.4  4  563
1  7.508789999999999  -0.7  4.0  -0.5  65.1  11  507
1  6.51323  -8.1  0.7  1.2  111.0  24  143
1  6.6107  -13.1  3.5  0.0  83.0  9  97
1  4.700480000000001  6.3  6.0  0.9  219.2  2  586
1  6.94986  -3.8  0.7  -0.2  258.0  23  74
1  5.72685  -3.6  0.8  4.0  302.4  5  470
1  8.16337  -1.1  1.5  -0.2  157.4  16  521
1  7.7012  15.8  3.9  -0.4  119.5  15  595
1  4.45435  -5.1  3.4  0.4  58.4  3  507
1  8.28248  8.5  3.1  -0.7  238.0  8  205
1  8.05833  -2.1  4.1  -0.2  82.0  8  114
1  7.90027  1.5  0.5  -0.6  99.2  13  509
1  7.341480000000001  3.0  0.8  0.6  86.0  21  32
1  7.90027  -12.6  2.2  0.2  77.8  19  488
1  7.65917  3.0  3.1  -0.1  221.0  14  169
1  5.60947  -5.2  2.9  0.1  60.0  2  90
1  7.15227  3.5  0.9  0.2  265.0  22  169
1  5.42495  2.8  1.3  0.0  75.8  2  404
1  7.8071  6.5  4.3  -1.1  44.0  11  173
1  7.94839  2.5  3.6  -0.1  54.7  16  574
1  8.340689999999999  6.3  4.2  -0.1  76.0  16  166
1  7.54062  -1.4  1.7  -0.2  86.0  12  51
1  5.89164  1.7  1.1  2.4  173.1  1  533
1  7.52402  2.4  7.9  -0.1  43.5  21  557
1  6.43294  -0.1  1.6  -0.2  75.0  22  55
1  7.50219  3.1  1.7  0.3  269.0  12  69
1  8.04045  12.9  8.3  -1.1  357.5  14  551
1  7.31986  -13.4  3.8  0.1  75.0  11  448
1  5.43372  0.7  3.9  0.1  182.9  2  491
1  7.940580000000001  2.4  1.0  0.4  110.7  7  533
1  8.17808  -1.3  5.6  -0.2  46.0  17  149
1  7.65728  -6.3  4.0  -0.1  51.6  19  408
1  7.56164  3.5  1.8  0.0  71.2  21  576
1  7.98752  0.0  4.0  -0.3  78.5  9  430
1  7.63143  11.8  2.4  -1.5  232.5  14  535
1  7.63192  5.8  1.9  -3.1  260.8  12  541
1  7.6324  3.1  4.7  -0.1  48.0  12  576
1  7.9248  1.4  2.1  0.0  221.0  17  525
1  4.304069999999999  0.8  3.1  1.6  77.0  3  50
1  7.67555  6.8  9.9  -0.2  249.0  15  160
1  7.1025  1.3  8.0  0.0  61.6  23  557
1  7.95437  6.8  1.5  -0.6  124.9  7  585
1  7.874739999999999  -6.8  1.0  0.0  207.0  15  84
1  7.851660000000001  10.5  4.4  -0.9  69.0  15  198
1  8.260489999999999  3.8  5.2  0.0  222.0  8  163
1  7.7411  -12.8  3.6  0.1  68.4  14  460
1  5.24702  1.3  0.8  1.1  72.3  5  563
1  5.24175  -4.2  1.4  3.6  230.0  2  155
1  7.552239999999999  -0.6  2.5  -0.1  75.0  13  111
1  7.96242  -6.1  5.2  0.4  27.0  18  82
1  6.85751  5.1  5.5  0.1  230.0  10  126
1  8.1191  0.8  3.0  -0.1  78.0  17  65
1  8.000680000000001  -4.4  3.7  -0.1  78.0  14  68
1  4.110869999999999  -6.5  2.1  -0.1  68.2  5  451
1  4.812180000000001  -3.7  0.9  -0.1  281.3  4  513
1  6.42811  0.7  2.9  1.4  229.6  24  473
1  4.955830000000001  -5.7  3.3  0.6  72.0  2  401
1  6.16121  8.4  3.3  0.7  80.5  24  564
1  6.55251  -0.2  2.8  0.7  71.0  23  72
1  5.1299  -1.9  4.5  0.4  17.0  2  40
1  5.18739  -7.3  1.9  0.5  85.0  3  118
1  7.91608  0.1  2.1  2.0  77.0  18  49
1  7.3395399999999995  -5.9  2.9  0.2  64.6  22  406
1  7.0076  4.7  5.6  0.0  69.0  23  211
1  7.876639999999999  4.2  4.4  0.6  189.8  15  472
1  7.23778  2.1  5.4  0.1  159.0  21  61
1  7.64348  -0.5  2.1  -2.0  247.8  14  513
1  7.08339  -3.7  1.1  0.1  192.0  22  101
1  7.95718  6.5  6.2  -0.1  210.8  18  547
1  6.42162  2.1  4.1  0.7  260.0  24  43
1  7.29029  -3.1  1.0  -0.2  211.0  21  102
1  5.42495  -12.8  0.8  1.2  55.0  6  91
1  7.29029  3.8  4.3  0.5  210.0  22  105
1  7.52348  3.4  6.0  0.2  191.0  14  482
1  5.63479  -4.2  2.1  1.1  91.0  2  68
1  7.976939999999999  -1.7  5.2  0.0  76.0  8  124
1  7.781969999999999  5.4  3.6  -1.1  44.0  10  173
1  5.742999999999999  3.4  4.9  0.7  243.0  2  140
1  5.742999999999999  -0.2  5.6  0.2  16.6  2  553
1  5.627619999999999  2.1  1.5  2.0  227.8  5  533
1  7.854769999999999  -12.5  3.2  0.2  82.1  15  456
1  7.56941  -4.1  4.3  -0.1  44.7  14  409
1  7.08087  -9.8  0.5  0.2  131.0  21  83
1  7.436030000000001  -4.9  4.7  -0.1  79.6  21  441
1  6.1136800000000004  -5.2  3.5  0.0  59.0  1  90
1  7.974880000000001  -1.6  3.5  0.5  34.5  18  480
1  6.69084  6.4  1.2  0.0  188.0  6  207
1  7.79523  2.0  2.8  1.6  242.0  18  127
1  5.21494  -8.5  1.5  2.8  279.0  10  93
1  7.65112  3.6  7.6  0.5  199.3  17  482
1  6.12905  0.4  0.8  0.1  297.0  7  524
1  8.089789999999999  1.2  3.6  0.1  63.9  15  411
1  5.7651900000000005  -3.5  3.2  0.0  240.2  2  504
1  8.064010000000001  3.6  2.3  -0.3  9.4  9  549
1  7.39265  -14.9  1.9  0.8  65.0  20  91
1  6.43294  1.0  2.5  -0.2  75.0  10  70
1  7.624619999999999  -1.7  1.6  -0.1  172.0  19  51
1  5.2203599999999994  3.4  1.1  1.4  89.0  6  565
1  6.35611  6.9  7.0  0.8  220.0  24  34
1  4.47734  -4.8  2.5  0.4  84.0  3  101
1  6.50279  4.2  3.9  0.6  78.0  24  197
1  6.889589999999999  1.5  4.0  0.1  240.4  22  523
1  7.329089999999999  -2.9  1.9  1.7  337.8  19  468
1  7.3601  -8.2  4.7  -0.2  76.5  11  408
1  7.77107  7.0  3.1  -0.3  73.0  10  185
1  6.16121  8.1  1.9  -0.1  211.9  1  578
1  7.972810000000001  3.7  4.2  0.2  172.0  9  128
1  7.903230000000001  0.7  2.1  1.3  207.1  18  473
1  8.162230000000001  0.4  8.6  0.1  34.0  17  39
1  4.83628  -10.4  1.9  1.1  75.0  7  86
1  4.919980000000001  6.5  4.5  0.4  206.0  2  57
1  7.475910000000001  9.0  4.6  -0.9  208.7  10  587
1  7.52941  10.1  1.1  -3.1  255.0  11  188
1  7.8879600000000005  -0.3  1.7  0.4  26.9  15  416
1  4.47734  -4.4  2.6  0.8  85.0  4  38
1  7.732810000000001  1.7  1.5  1.1  345.0  19  158
1  6.93245  -3.2  0.8  -0.1  260.0  22  68
1  7.656339999999999  -5.9  3.1  -0.1  77.0  16  85
1  7.0193  3.7  3.6  0.1  195.0  22  107
1  8.0762  9.9  2.2  0.0  92.0  16  177
1  7.90175  7.4  4.3  -0.3  178.0  18  190
1  6.8966899999999995  5.1  2.5  0.7  80.0  23  197
1  4.304069999999999  3.2  1.5  0.4  75.0  3  194
1  5.15906  0.0  4.3  0.1  102.7  3  477
1  7.82764  -5.6  6.1  -0.2  79.5  17  441
1  7.0255399999999995  0.7  2.4  -0.2  232.5  23  542
1  7.90175  15.1  2.9  0.2  113.9  19  567
1  5.73334  -2.2  4.3  -0.1  72.0  5  124
1  5.34711  -3.8  2.7  -0.2  80.5  3  511
1  7.58477  4.2  6.5  0.4  214.3  11  474
1  6.84055  -13.1  4.8  -0.2  52.8  11  462
1  7.55381  -0.2  3.9  -0.2  79.6  12  430
1  4.78749  1.5  3.2  0.1  153.0  4  61
1  6.86485  0.8  1.5  -0.1  231.5  23  540
1  7.81197  -6.6  2.2  1.3  87.0  7  122
1  7.89469  2.1  4.0  -0.1  47.8  14  574
1  7.7613199999999996  1.7  2.9  -0.1  81.0  14  60
1  6.07764  -4.1  5.4  -0.1  66.5  1  427
1  7.809539999999999  18.2  3.7  -2.7  250.7  15  568
1  5.4848  2.2  2.0  1.9  253.8  5  473
1  5.27811  -7.8  4.6  -0.1  71.5  19  450
1  7.766839999999999  -5.4  3.0  -0.2  77.0  14  85
1  5.5835  -4.5  4.1  0.3  59.4  1  507
1  7.866339999999999  8.0  6.1  0.1  197.0  19  212
1  8.196439999999999  2.7  3.8  0.2  139.0  8  128
1  7.5918600000000005  -5.6  3.9  -0.2  41.0  13  116
1  5.54126  4.6  0.9  0.5  108.0  5  190
1  7.557989999999999  12.0  4.4  0.2  274.2  20  584
1  6.51471  4.4  2.0  0.7  205.0  6  33
1  6.2146099999999995  4.5  3.5  0.0  55.0  9  196
1  6.639880000000001  0.2  0.5  1.4  84.8  24  483
1  6.02345  -18.6  2.3  0.1  79.4  7  457
1  7.62413  0.1  2.6  1.5  230.0  19  175
1  5.8406400000000005  7.4  4.3  0.3  189.6  1  590
1  8.32579  7.6  4.2  0.0  224.1  8  583
1  7.320530000000001  8.6  2.6  -0.1  189.2  22  577
1  7.915710000000001  -2.5  3.6  0.0  64.0  15  143
1  7.7424  10.6  1.8  -1.6  245.0  14  177
1  6.9177100000000005  -1.6  1.1  0.0  282.0  23  51
1  7.7823899999999995  5.0  3.1  -0.4  230.0  16  545
1  5.18739  5.2  4.4  0.8  206.0  4  126
1  6.14204  5.3  2.3  1.2  153.1  1  587
1  5.48064  -13.1  1.1  1.3  62.9  5  464
1  5.2933  3.3  2.2  0.5  77.1  2  562
1  5.4848  -0.8  3.5  0.0  176.8  5  522
1  5.0304400000000005  -4.0  1.5  -0.1  108.2  2  521
1  7.6406  1.7  2.3  -0.3  85.0  15  167
1  8.29255  6.1  4.2  0.3  23.0  17  173
1  5.70378  5.8  2.8  0.0  43.0  7  189
1  5.4848  5.7  3.3  0.5  228.0  5  204
1  7.02997  14.9  2.8  -5.0  255.5  10  594
1  5.31321  -5.7  2.2  0.6  82.0  5  165
1  6.14419  0.2  3.1  0.1  73.0  9  56
1  5.14749  -9.0  1.3  0.4  77.0  2  88
1  7.663880000000001  16.8  6.0  -1.1  272.0  14  205
1  5.8944  2.8  4.7  0.0  66.0  2  574
1  7.61085  -0.1  6.6  -0.3  205.2  14  489
1  7.522939999999999  -12.5  0.8  -0.4  232.0  19  463
1  4.82831  -7.8  3.7  0.1  58.4  4  407
1  7.54908  0.9  1.0  -0.6  213.1  12  484
1  7.75833  -4.2  4.6  -0.1  78.0  10  120
1  7.506589999999999  21.9  3.6  -2.5  264.1  19  608
1  6.07764  -10.1  2.8  0.0  73.0  1  89
1  7.01571  -9.4  1.2  0.0  73.8  23  437
1  7.59488  11.2  1.7  -2.0  236.0  12  188
1  8.20576  1.8  3.2  0.2  216.6  8  551
1  4.59512  0.5  5.5  0.1  354.0  4  171
1  8.23297  -2.2  1.6  -0.3  211.7  16  501
1  8.31532  -0.1  5.2  -0.8  79.0  8  555
1  7.57096  8.4  5.4  -1.8  240.0  11  163
1  7.610360000000001  0.9  3.0  -0.7  340.0  12  142
1  8.21528  -2.9  1.4  -0.2  113.4  8  521
1  8.191460000000001  2.3  2.5  0.6  16.0  17  44
1  7.67322  -1.4  4.4  -0.1  38.1  14  410
1  7.78655  0.4  1.5  -0.1  110.0  13  124
1  4.69135  -11.3  2.5  1.2  82.0  5  87
1  7.629  0.1  3.9  -0.2  70.7  14  506
1  5.49717  -5.0  4.0  -0.1  75.4  5  440
1  6.57368  1.6  2.0  1.2  212.7  6  472
1  7.90618  -2.8  2.3  -0.1  205.0  20  511
1  6.55251  -3.5  3.9  -0.1  46.3  24  409
1  8.220130000000001  2.0  3.5  -0.2  82.0  8  64
1  5.42935  2.4  3.6  0.1  125.0  5  128
1  7.890960000000001  7.1  3.4  -0.3  82.5  19  571
1  8.02453  -2.7  1.4  1.6  66.0  9  73
1  7.14283  -1.3  1.2  0.6  66.0  21  113
1  7.970389999999999  5.5  3.9  -0.5  231.0  14  131
1  6.658010000000001  5.5  1.1  0.9  138.0  24  199
1  7.10003  -4.0  5.8  -0.4  78.4  11  399
1  7.656810000000001  -0.2  2.4  0.0  41.0  19  157
1  4.70953  -2.8  1.8  1.4  198.9  3  537
1  5.602119999999999  3.8  3.9  -0.2  85.0  5  187
1  7.8512699999999995  0.2  2.8  0.1  78.0  17  112
1  7.89655  12.8  6.8  -0.6  227.7  15  583
1  7.20638  -0.8  1.6  1.7  192.6  22  469
1  4.89035  -10.8  1.5  0.2  57.0  3  460
1  7.56735  -10.2  0.6  2.4  110.8  10  465
1  7.61135  0.8  3.1  -0.1  65.6  19  429
1  6.66823  4.1  1.4  0.2  139.8  24  572
1  5.0689  4.3  4.9  0.1  82.0  2  212
1  7.461069999999999  -2.8  1.4  -0.1  243.0  20  102
1  7.68018  -0.4  0.8  2.6  147.0  21  49
1  7.803439999999999  2.4  3.9  0.2  14.3  20  574
1  8.26256  3.4  0.9  0.3  228.0  16  109
1  7.6695  12.1  2.8  -3.2  256.0  13  203
1  5.33272  -2.5  2.0  1.3  80.7  3  532
1  6.30992  -4.5  2.0  0.3  90.0  24  100
1  6.6745600000000005  2.2  7.1  0.1  37.9  6  557
1  8.093160000000001  -4.7  1.4  1.2  276.8  18  445
1  6.566669999999999  0.1  2.1  -0.2  247.4  6  543
1  5.83481  -5.8  7.7  0.1  47.0  7  90
1  7.794  3.3  4.3  0.8  217.0  17  105
1  7.76089  2.0  1.7  1.1  234.0  15  121
1  7.67276  1.3  4.2  0.2  169.0  10  61
1  7.979  1.4  5.0  -0.1  40.7  9  480
1  7.78406  6.1  1.9  0.4  171.0  21  210
1  5.958419999999999  -3.1  4.2  -0.1  52.5  2  426
1  4.54329  -11.5  1.7  3.7  90.4  4  465
1  5.627619999999999  -6.6  1.0  -0.1  200.0  2  445
1  5.66643  -3.8  2.1  0.6  73.0  3  77
1  7.545389999999999  6.5  9.4  -0.9  250.0  11  160
1  6.23832  -0.4  3.3  0.3  215.1  24  470
1  4.56435  -6.3  2.0  2.3  223.0  3  148
1  6.5820300000000005  2.2  1.8  0.1  64.2  6  549
1  5.31321  -4.9  4.2  0.3  353.0  2  117
1  5.61677  -1.3  2.8  -0.1  65.2  1  486
1  7.7111  -5.1  0.7  0.3  60.0  10  99
1  6.2519  0.1  1.0  0.2  87.0  24  111
1  7.855160000000001  6.5  5.2  -0.2  69.0  19  196
1  8.24512  8.6  1.6  -1.0  258.8  15  530
