3.66356
3.04452
3.71357
2.94444
4.06044
3.68888
3.3322
3.3673
2.07944
1.94591
3.3322
3.21888
1.09861
5.3845
3.93183
3.3673
2.83321
3.04452
2.99573
4.21951
3.04452
3.7612
3.58352
2.48491
2.48491
3.3322
3.13549
2.07944
3.68888
2.99573
3.98898
3.04452
3.55535
1.79176
3.04452
2.56495
4.36945
3.46574
4.60517
3.09104
4.15888
1.79176
2.48491
3.21888
3.73767
4.2485
3.8712
4.00733
2.94444
3.09104
1.94591
3.52636
3.8712
2.99573
4.07754
3.21888
3.49651
3.2581
2.99573
2.70805
3.09104
4.06044
3.61092
2.56495
1.60944
5.0876
2.30259
3.2581
3.66356
3.04452
3.4012
3.04452
3.4012
3.55535
3.97029
4.72739
4.30407
2.56495
3.78419
4.95583
3.66356
5.26786
3.46574
2.07944
3.3673
3.29584
2.19722
3.43399
3.2581
2.83321
3.63759
2.70805
2.99573
4.00733
3.43399
0.69315
3.52636
2.63906
1.94591
3.71357
2.83321
3.43399
3.29584
3.17805
4.81218
4.63473
3.04452
3.8712
3.68888
4.33073
4.61512
4.43082
3.4012
2.48491
3.29584
2.94444
3.3673
2.89037
4.90527
2.63906
3.29584
3.71357
4.39445
3.82864
2.56495
3.3322
3.13549
0.69315
4.00733
3.2581
3.2581
4.84419
2.63906
1.38629
3.2581
2.30259
3.09104
2.94444
3.4012
2.99573
3.82864
2.30259
4.29046
4.41884
3.3673
2.30259
3.98898
4.12713
3.68888
2.30259
3.29584
3.13549
2.07944
5.25227
3.78419
3.97029
2.99573
2.56495
3.21888
1.38629
3.13549
4.06044
4.27667
3.49651
3.21888
4.07754
4.20469
4.18965
2.48491
1.09861
2.48491
2.48491
0.69315
4.34381
2.63906
3.29584
4.17439
3.71357
4.02535
4.85203
4.64439
3.63759
3.4012
1.79176
4.11087
3.3673
4.44265
2.77259
3.71357
5.17048
3.09104
2.70805
4.11087
4.79579
2.3979
2.99573
3.13549
3.43399
3.4012
3.09104
4.45435
4.18965
3.73767
4.20469
2.56495
2.56495
4.85981
5.25227
2.63906
3.13549
1.94591
3.4012
4.72739
3.3673
3.2581
3.73767
1.79176
4.06044
3.91202
0.69315
1.60944
4.46591
3.17805
2.89037
4.17439
3.73767
4.00733
3.04452
2.63906
4.11087
4.47734
3.17805
3.3322
0.69315
4.58497
0.69315
3.4012
2.07944
4.55388
3.21888
2.77259
3.29584
3.3322
4.02535
4.38203
2.99573
3.55535
3.2581
4.47734
4.06044
3.21888
4.46591
3.13549
2.30259
3.61092
3.13549
3.89182
3.21888
3.17805
3.73767
2.3979
3.68888
4.26268
4.94164
3.29584
2.07944
2.19722
2.07944
4.54329
2.07944
4.36945
3.97029
3.98898
2.99573
3.52636
2.99573
5.39363
3.63759
2.30259
4.92725
2.94444
2.70805
2.07944
3.4012
5.05625
4.93447
2.56495
3.04452
1.38629
2.77259
3.91202
4.35671
3.4012
4.02535
3.73767
2.94444
4.09434
3.04452
3.17805
2.56495
2.63906
3.09104
3.4012
2.19722
3.7612
2.77259
3.4012
3.61092
3.3673
0.69315
2.94444
4.17439
2.83321
3.04452
3.2581
3.21888
4.23411
4.81218
4.39445
2.63906
3.2581
1.94591
2.94444
2.56495
3.21888
2.77259
4.61512
1.60944
2.07944
3.8712
3.17805
3.58352
4.68213
2.56495
2.30259
3.55535
3.46574
2.48491
4.21951
2.30259
2.70805
2.99573
2.48491
3.13549
4.15888
1.79176
3.29584
2.83321
3.52636
3.2581
3.98898
1.60944
3.49651
3.17805
4.67283
3.43399
2.07944
3.29584
2.30259
2.07944
0.69315
3.13549
3.82864
3.8712
2.99573
3.2581
3.3322
3.49651
1.94591
4.57471
3.91202
3.80666
3.93183
2.48491
3.13549
2.94444
3.4012
1.94591
3.17805
3.21888
2.63906
3.3322
2.70805
3.78419
3.78419
1.60944
3.3673
3.04452
4.45435
1.94591
2.63906
3.3322
3.43399
3.89182
2.19722
4.59512
3.49651
2.83321
2.19722
2.89037
3.4012
2.99573
3.73767
2.94444
3.58352
3.29584
4.8752
4.33073
3.29584
3.78419
3.61092
2.83321
3.7612
3.58352
3.17805
3.52636
4.21951
3.93183
2.30259
3.2581
2.70805
3.55535
1.94591
4.36945
4.70048
2.48491
1.60944
3.78419
1.94591
3.09104
3.21888
2.48491
2.19722
4.93447
4.04305
4.51086
1.94591
3.09104
4.60517
3.63759
3.46574
3.8712
5.15329
3.04452
3.49651
2.56495
3.85015
2.48491
2.07944
2.99573
1.38629
3.17805
2.19722
3.55535
3.8712
3.4012
3.04452
4.34381
2.3979
2.63906
2.56495
3.3322
2.56495
3.68888
2.3979
2.3979
4.68213
3.04452
3.04452
2.19722
3.17805
4.48864
2.30259
3.29584
3.17805
4.06044
4.15888
3.09104
4.41884
2.89037
1.09861
3.43399
3.52636
3.13549
2.19722
3.13549
2.07944
3.63759
3.73767
2.48491
1.94591
1.94591
2.77259
2.70805
1.79176
2.30259
4.11087
3.4012
3.68888
4.17439
