12.7 47.  12.2
12.199969 46.984876 12.2     
12.19993  46.973292 12.2     
12.199893 46.961707 12.2     
12.199859 46.950123 12.2     
12.199827 46.938538 12.2     
12.199791 46.926954 12.2     
12.199751 46.91537  12.2     
12.199709 46.903785 12.2     
12.199667 46.892201 12.2     
12.199628 46.877422 12.2     
12.199593 46.848964 12.2     
12.199559 46.816603 12.2     
12.525715 46.773436 12.2     
12.498052 46.724227 12.2     
12.507104 46.682329 12.2     
12.496181 46.643339 12.2     
12.527588 46.604194 12.2     
12.524087 46.560332 12.2     
12.488892 46.515824 12.2     
12.454361 46.46529  12.2     
12.508993 46.412111 12.2     
12.20065  46.369889 12.2     
12.199496 46.353459 12.2     
12.199463 46.341874 12.2     
12.199428 46.33029  12.2     
12.199393 46.318705 12.2     
12.199355 46.307121 12.2     
12.555873 46.283618 12.2     
12.595987 46.235077 12.2     
12.614268 46.176788 12.2     
12.584502 46.125066 12.2     
12.199304 46.093721 12.2     
12.199266 46.071198 12.2     
12.199227 46.045373 12.2     
12.575502 46.006743 12.2     
12.535623 45.962546 12.2     
12.526225 45.92135  12.2     
12.199198 45.890188 12.2     
12.199155 45.863379 12.2     
12.199111 45.836964 12.2     
12.199068 45.808557 12.2     
12.199028 45.779258 12.2     
12.19899  45.756616 12.2     
12.198951 45.744986 12.2     
12.198908 45.733402 12.2     
12.198866 45.721817 12.2     
12.198826 45.710233 12.2     
12.198788 45.698649 12.2     
12.198753 45.683295 12.2     
12.544283 45.643433 12.2     
12.463814 45.59242  12.2     
12.445843 45.542848 12.2     
12.465954 45.503615 12.2     
12.505654 45.46891  12.2     
12.198717 45.439941 12.2     
12.19868  45.420268 12.2     
12.198641 45.407947 12.2     
12.198599 45.396363 12.2     
12.198556 45.384778 12.2     
12.198516 45.373194 12.2     
12.278998 45.352713 12.2     
12.372359 45.310958 12.2     
12.336843 45.26117  12.2     
12.302666 45.213367 12.2     
12.301251 45.17504  12.2     
12.36324  45.140847 12.2     
12.399936 45.105107 12.2     
12.406941 45.063369 12.2     
12.377817 45.019024 12.2     
12.33934  44.974347 12.2     
12.275318 44.93066  12.2     
12.300334 44.887421 12.2     
12.339824 44.842407 12.2     
12.357478 44.793315 12.2     
12.337065 44.74247  12.2     
12.329681 44.692896 12.2     
12.307183 44.647179 12.2     
12.322582 44.603132 12.2     
12.198444 44.569092 12.2     
12.198393 44.555442 12.2     
12.198342 44.543857 12.2     
12.19829  44.531841 12.2     
12.296891 44.502371 12.2     
12.303529 44.464621 12.2     
12.339201 44.41986  12.2     
12.41404  44.365372 12.2     
12.415107 44.306777 12.2     
12.382261 44.248806 12.2     
12.345703 44.194843 12.2     
12.339045 44.142633 12.2     
12.33046  44.099365 12.2     
12.19819  44.074048 12.2     
12.198142 44.057674 12.2     
12.377274 44.020518 12.2     
12.337824 43.971888 12.2     
12.271967 43.91724  12.2     
12.292678 43.858755 12.2     
12.3324   43.799368 12.2     
12.354609 43.739687 12.2     
12.338887 43.68345  12.2     
12.307659 43.632103 12.2     
12.281024 43.57828  12.2     
12.291439 43.527031 12.2     
12.329331 43.482897 12.2     
12.359861 43.441836 12.2     
12.381332 43.399766 12.2     
12.345508 43.353538 12.2     
12.311695 43.305499 12.2     
12.310983 43.252618 12.2     
12.344026 43.19102  12.2     
12.352534 43.134807 12.2     
12.358844 43.078107 12.2     
12.329245 43.022042 12.2     
12.29095  42.966276 12.2     
12.279166 42.912691 12.2     
12.290805 42.863568 12.2     
12.330211 42.816356 12.2     
12.347231 42.774107 12.2     
12.1981   42.741206 12.2     
12.198043 42.708969 12.2     
12.246669 42.673059 12.2     
12.262713 42.630122 12.2     
12.301968 42.584132 12.2     
12.328342 42.536095 12.2     
12.317587 42.485681 12.2     
12.375968 42.434273 12.2     
12.34567  42.385466 12.2     
12.35092  42.342859 12.2     
12.386896 42.30292  12.2     
12.420523 42.263039 12.2     
12.407557 42.221539 12.2     
12.374319 42.179322 12.2     
12.338043 42.133676 12.2     
12.332079 42.081175 12.2     
12.361911 42.02574  12.2     
12.376244 41.966803 12.2     
12.38769  41.907511 12.2     
12.36186  41.850758 12.2     
12.203508 41.805407 12.2     
12.305798 41.769223 12.2     
12.198    41.733594 12.2     
12.371166 41.693698 12.2     
12.392788 41.644774 12.2     
12.376423 41.58556  12.2     
12.337115 41.532225 12.2     
12.318645 41.476835 12.2     
12.329738 41.416108 12.2     
12.367836 41.361141 12.2     
12.397911 41.308347 12.2     
12.392313 41.256538 12.2     
12.30964  41.208141 12.2     
12.276199 41.166384 12.2     
12.276189 41.127468 12.2     
12.309617 41.087151 12.2     
12.345749 41.04199  12.2     
12.432846 40.994727 12.2     
12.402789 40.951662 12.2     
12.197942 40.91893  12.2     
12.197889 40.886443 12.2     
12.197838 40.855241 12.2     
12.197788 40.825142 12.2     
12.19774  40.795473 12.2     
12.392551 40.760327 12.2     
12.35282  40.713203 12.2     
12.331493 40.660939 12.2     
12.331954 40.603947 12.2     
12.37131  40.543539 12.2     
12.397154 40.487022 12.2     
12.385724 40.430479 12.2     
12.347529 40.375441 12.2     
12.28399  40.321071 12.2     
12.289933 40.271437 12.2     
12.326202 40.231483 12.2     
12.359449 40.195677 12.2     
12.359107 40.156424 12.2     
12.329979 40.107107 12.2     
12.293995 40.05344  12.2     
12.288728 40.002216 12.2     
12.319019 39.959047 12.2     
12.357021 39.919369 12.2     
12.197709 39.884721 12.2     
12.412648 39.849963 12.2     
12.37339  39.815853 12.2     
12.197633 39.783516 12.2     
12.197581 39.750665 12.2     
12.197531 39.717538 12.2     
12.197484 39.684703 12.2     
12.197437 39.652673 12.2     
12.197387 39.62099  12.2     
12.197334 39.588486 12.2     
12.33297  39.554005 12.2     
12.37126  39.518673 12.2     
12.40087  39.481215 12.2     
12.394577 39.439773 12.2     
12.358166 39.396629 12.2     
12.315335 39.356677 12.2     
12.197293 39.324649 12.2     
12.349831 39.282077 12.2     
12.385665 39.230586 12.2     
12.390584 39.173999 12.2     
12.358389 39.133755 12.2     
12.320492 39.090668 12.2     
12.310059 39.043272 12.2     
12.336681 38.994051 12.2     
12.375883 38.946466 12.2     
12.418541 38.903563 12.2     
12.396349 38.862684 12.2     
12.356626 38.821252 12.2     
12.335896 38.777321 12.2     
12.353217 38.732301 12.2     
12.320673 38.688654 12.2     
12.345974 38.648648 12.2     
12.333872 38.610214 12.2     
12.295489 38.567495 12.2     
12.266114 38.514603 12.2     
12.320443 38.457334 12.2     
12.356997 38.40102  12.2     
12.389854 38.349601 12.2     
12.388808 38.300318 12.2     
12.354821 38.258255 12.2     
12.331181 38.218792 12.2     
12.326612 38.181798 12.2     
12.357354 38.141228 12.2     
12.395144 38.086461 12.2     
12.405238 38.025519 12.2     
12.355921 37.969564 12.2     
12.316776 37.928281 12.2     
12.301361 37.893345 12.2     
12.323845 37.84957  12.2     
12.363558 37.801533 12.2     
12.42183  37.755827 12.2     
12.404195 37.709428 12.2     
12.364708 37.665404 12.2     
12.339674 37.622448 12.2     
12.35211  37.579311 12.2     
12.332636 37.535092 12.2     
12.361769 37.490399 12.2     
12.354783 37.44498  12.2     
12.318096 37.398319 12.2     
12.285438 37.351129 12.2     
12.331624 37.301681 12.2     
12.365795 37.247758 12.2     
12.401319 37.191918 12.2     
12.405539 37.14024  12.2     
12.374575 37.098695 12.2     
12.296275 37.061514 12.2     
12.286518 37.025514 12.2     
12.313659 36.989189 12.2     
12.35274 36.95269 12.2    
12.367831 36.914357 12.2     
12.405474 36.872222 12.2     
12.365777 36.828458 12.2     
12.345651 36.783243 12.2     
12.363602 36.73599  12.2     
12.403127 36.687877 12.2     
12.398435 36.644364 12.2     
12.197248 36.611231 12.2     
12.347104 36.569804 12.2     
12.318207 36.522217 12.2     
12.32554  36.470887 12.2     
12.30298 36.41789 12.2    
12.335432 36.361952 12.2     
12.333683 36.300822 12.2     
12.299338 36.237479 12.2     
12.263972 36.183265 12.2     
12.249895 36.145999 12.2     
12.281101 36.104058 12.2     
12.318668 36.057593 12.2     
12.32808  36.008176 12.2     
12.300684 35.962029 12.2     
12.273046 35.918224 12.2     
12.19721  35.884349 12.2     
12.281341 35.848808 12.2     
12.321028 35.795563 12.2     
12.340851 35.751811 12.2     
12.402528 35.703916 12.2     
12.362974 35.658927 12.2     
12.33849 35.62306 12.2    
12.197125 35.591143 12.2     
12.390234 35.557345 12.2     
12.4278   35.516956 12.2     
12.420122 35.473706 12.2     
12.383171 35.428965 12.2     
12.350919 35.382904 12.2     
12.353019 35.336302 12.2     
12.388425 35.29184  12.2     
12.423629 35.252301 12.2     
12.427149 35.21488  12.2     
12.39575  35.176505 12.2     
12.358299 35.134713 12.2     
12.283786 35.091438 12.2     
12.311431 35.049237 12.2     
12.350379 35.010294 12.2     
12.364818 34.972762 12.2     
12.341471 34.934148 12.2     
12.321714 34.892308 12.2     
12.302198 34.849072 12.2     
12.320774 34.8092   12.2     
12.197063 34.777421 12.2     
12.384571 34.73298  12.2     
12.366104 34.686206 12.2     
12.327382 34.637143 12.2     
12.298972 34.587051 12.2     
12.306995 34.535082 12.2     
12.344074 34.489158 12.2     
12.411465 34.438645 12.2     
12.409017 34.391182 12.2     
12.374323 34.353246 12.2     
12.339284 34.319437 12.2     
12.336114 34.285135 12.2     
12.374015 34.247094 12.2     
12.411348 34.207414 12.2     
12.198063 34.171414 12.2     
12.392173 34.129597 12.2     
12.353296 34.090605 12.2     
12.303761 34.04932  12.2     
12.327388 33.998933 12.2     
12.367033 33.944587 12.2     
12.386243 33.890237 12.2     
12.367357 33.838457 12.2     
12.2896   33.787812 12.2     
12.265672 33.735584 12.2     
12.279436 33.679234 12.2     
12.318236 33.621106 12.2     
12.346399 33.568844 12.2     
12.361242 33.524544 12.2     
12.32404  33.477531 12.2     
12.292204 33.429512 12.2     
12.295005 33.381117 12.2     
12.329869 33.332583 12.2     
12.36797  33.283547 12.2     
12.370789 33.233528 12.2     
12.338964 33.183089 12.2     
12.301754 33.134869 12.2     
12.29337 33.09166 12.2    
12.294901 33.050605 12.2     
12.333703 33.009546 12.2     
12.347483 32.967072 12.2     
12.323571 32.923974 12.2     
12.283951 32.884298 12.2     
12.197007 32.852335 12.2     
12.279977 32.809906 12.2     
12.319621 32.761493 12.2     
12.343265 32.708745 12.2     
12.329171 32.654092 12.2     
12.35366  32.601938 12.2     
12.32575  32.556116 12.2     
12.334461 32.506544 12.2     
12.371787 32.456459 12.2     
12.403411 32.407728 12.2     
12.38533  32.359608 12.2     
12.350298 32.312795 12.2     
12.315596 32.268372 12.2     
12.313128 32.224969 12.2     
12.345163 32.185903 12.2     
12.382613 32.150545 12.2     
12.390668 32.105607 12.2     
12.362271 32.05672  12.2     
12.323544 31.996819 12.2     
12.310094 31.956563 12.2     
12.344075 31.9195   12.2     
12.384833 31.881126 12.2     
12.403424 31.843387 12.2     
12.383922 31.801624 12.2     
12.196893 31.771057 12.2     
12.196838 31.745172 12.2     
12.196783 31.717253 12.2     
12.366664 31.681939 12.2     
12.394326 31.643415 12.2     
12.385273 31.595468 12.2     
12.352462 31.549893 12.2     
12.321052 31.49789  12.2     
12.324555 31.452882 12.2     
12.359751 31.41363  12.2     
12.196725 31.383394 12.2     
12.196677 31.363995 12.2     
12.196627 31.352403 12.2     
12.196574 31.340819 12.2     
12.19652  31.329234 12.2     
12.196466 31.31765  12.2     
12.196411 31.306066 12.2     
12.196359 31.294481 12.2     
12.196306 31.282897 12.2     
12.19625  31.271312 12.2     
12.196191 31.259728 12.2     
12.196137 31.248144 12.2     
12.196086 31.236559 12.2     
12.196038 31.224975 12.2     
12.19599 31.21339 12.2    
12.19594  31.201806 12.2     
12.255939 31.17942  12.2     
12.265384 31.128975 12.2     
12.302945 31.08602  12.2     
12.334139 31.043058 12.2     
12.330286 31.005948 12.2     
12.374559 30.971423 12.2     
12.195873 30.938782 12.2     
12.195819 30.908476 12.2     
12.31864  30.878728 12.2     
12.407718 30.830781 12.2     
12.398901 30.785131 12.2     
12.370015 30.740802 12.2     
12.195747 30.706458 12.2     
12.195692 30.692711 12.2     
12.195637 30.681127 12.2     
12.366698 30.661747 12.2     
12.389351 30.609881 12.2     
12.369239 30.565605 12.2     
12.19613  30.529305 12.2     
12.306751 30.486323 12.2     
12.353546 30.448104 12.2     
12.195547 30.417654 12.2     
12.195499 30.399892 12.2     
12.195452 30.388295 12.2     
12.195403 30.376711 12.2     
12.195351 30.365127 12.2     
12.195297 30.353542 12.2     
12.195245 30.341958 12.2     
12.195197 30.31983  12.2     
12.19515 30.28851 12.2    
12.347396 30.243854 12.2     
12.3107   30.198673 12.2     
12.303696 30.153116 12.2     
12.332822 30.110748 12.2     
12.369662 30.076806 12.2     
12.369227 30.030147 12.2     
12.344205 29.983639 12.2     
12.304716 29.932678 12.2     
12.287063 29.879741 12.2     
12.307477 29.831632 12.2     
12.393305 29.795119 12.2     
12.19508  29.763597 12.2     
12.400408 29.727364 12.2     
12.361267 29.677819 12.2     
12.334372 29.622522 12.2     
12.198207 29.577893 12.2     
12.195003 29.560524 12.2     
12.194955 29.548939 12.2     
12.194909 29.533319 12.2     
12.382555 29.493437 12.2     
12.283783 29.442724 12.2     
12.282715 29.390385 12.2     
12.315562 29.341628 12.2     
12.35212  29.294497 12.2     
12.358777 29.251799 12.2     
12.197042 29.217501 12.2     
12.194838 29.186795 12.2     
12.19478  29.155347 12.2     
12.30741  29.119975 12.2     
12.34686  29.082889 12.2     
12.362368 29.037667 12.2     
12.341653 28.983568 12.2     
12.301931 28.943979 12.2     
12.195015 28.907795 12.2     
12.295446 28.864775 12.2     
12.391008 28.826519 12.2     
12.417647 28.786353 12.2     
12.40723 28.73732 12.2    
12.369338 28.684421 12.2     
12.195526 28.641894 12.2     
12.194698 28.624864 12.2     
12.194644 28.613278 12.2     
12.194593 28.596076 12.2     
12.38677  28.552242 12.2     
12.353727 28.496677 12.2     
12.349747 28.445515 12.2     
12.343439 28.403767 12.2     
12.373038 28.359873 12.2     
12.408681 28.320771 12.2     
12.194745 28.283813 12.2     
12.194526 28.258273 12.2     
12.194474 28.240279 12.2     
12.194421 28.228684 12.2     
12.194367 28.217099 12.2     
12.194316 28.205515 12.2     
12.194266 28.193931 12.2     
12.194215 28.182346 12.2     
12.194162 28.165743 12.2     
12.300213 28.128414 12.2     
12.310969 28.082918 12.2     
12.218759 28.042228 12.2     
12.194097 28.017119 12.2     
12.194048 27.998786 12.2     
12.193998 27.984853 12.2     
12.193944 27.958756 12.2     
12.193888 27.929693 12.2     
12.193833 27.906703 12.2     
12.193781 27.895065 12.2     
12.193732 27.88348  12.2     
12.193681 27.867926 12.2     
12.279689 27.827359 12.2     
12.26824  27.775365 12.2     
12.294071 27.728814 12.2     
12.193625 27.701327 12.2     
12.193572 27.682114 12.2     
12.39315  27.657143 12.2     
12.370585 27.614485 12.2     
12.348963 27.564171 12.2     
12.36533  27.511641 12.2     
12.404638 27.459372 12.2     
12.373644 27.407279 12.2     
12.362546 27.36025  12.2     
12.324448 27.323917 12.2     
12.193485 27.29217  12.2     
12.299925 27.2596   12.2     
12.3585   27.222277 12.2     
12.391939 27.182878 12.2     
12.391947 27.146074 12.2     
12.193393 27.116165 12.2     
12.19334 27.08923 12.2    
12.193284 27.06364  12.2     
12.19313  27.038983 12.2     
12.192859 27.014702 12.2     
12.382396 26.982383 12.2     
12.3563  26.93266 12.2    
12.279697 26.875467 12.2     
12.263312 26.821485 12.2     
12.284921 26.779225 12.2     
12.324652 26.742058 12.2     
12.192509 26.712912 12.2     
12.192206 26.698972 12.2     
12.191875 26.687388 12.2     
12.26139  26.666359 12.2     
12.273262 26.614829 12.2     
12.311458 26.566503 12.2     
12.365929 26.528148 12.2     
12.191287 26.501471 12.2     
12.190937 26.488698 12.2     
12.190551 26.473481 12.2     
12.290811 26.440405 12.2     
12.333046 26.400666 12.2     
12.190214 26.365304 12.2     
12.18983  26.343625 12.2     
12.189433 26.330671 12.2     
12.188995 26.319086 12.2     
12.188554 26.302554 12.2     
12.188107 26.278453 12.2     
12.187669 26.249663 12.2     
12.432029 26.212389 12.2     
12.410127 26.171495 12.2     
12.367637 26.12575  12.2     
12.346609 26.072008 12.2     
12.363614 26.014866 12.2     
12.403018 25.963967 12.2     
12.187951 25.928614 12.2     
12.187075 25.89996  12.2     
12.186523 25.870125 12.2     
12.253275 25.833406 12.2     
12.259569 25.793677 12.2     
12.295981 25.755844 12.2     
12.186182 25.724022 12.2     
12.185679 25.694804 12.2     
12.185141 25.665263 12.2     
12.184548 25.633336 12.2     
12.18391  25.600363 12.2     
12.183274 25.573523 12.2     
12.182655 25.561074 12.2     
12.18204  25.549489 12.2     
12.181395 25.537905 12.2     
12.180684 25.519694 12.2     
12.179914 25.492664 12.2     
12.366366 25.455079 12.2     
12.406088 25.398183 12.2     
12.426817 25.353375 12.2     
12.409493 25.31495  12.2     
12.17897  25.284954 12.2     
12.178048 25.266473 12.2     
12.177076 25.254831 12.2     
12.1761   25.243247 12.2     
12.175138 25.231662 12.2     
12.37853 25.21309 12.2    
12.362552 25.163263 12.2     
12.329696 25.11361  12.2     
12.330743 25.074953 12.2     
12.36473  25.037912 12.2     
12.41678  25.001629 12.2     
12.42135 24.96681 12.2    
12.173674 24.93462  12.2     
12.172661 24.903552 12.2     
12.172534 24.867716 12.2     
12.17111  24.851544 12.2     
12.170015 24.83996  12.2     
12.39752  24.821088 12.2     
12.391511 24.771298 12.2     
12.351798 24.720808 12.2     
12.26754  24.682702 12.2     
12.168292 24.648591 12.2     
12.166941 24.624391 12.2     
12.165605 24.608252 12.2     
12.16423  24.596667 12.2     
12.162829 24.585082 12.2     
12.161303 24.573498 12.2     
12.159684 24.561913 12.2     
12.158057 24.550329 12.2     
12.156465 24.532793 12.2     
12.339105 24.499278 12.2     
12.304934 24.460415 12.2     
12.26941  24.417982 12.2     
12.265191 24.371414 12.2     
12.296156 24.323115 12.2     
12.382514 24.276535 12.2     
12.392269 24.234751 12.2     
12.365128 24.195038 12.2     
12.326047 24.158675 12.2     
12.153843 24.128114 12.2     
12.152012 24.100025 12.2     
12.410104 24.061706 12.2     
12.43023 24.01066 12.2    
12.412277 23.969119 12.2     
12.372204 23.930196 12.2     
12.150376 23.894726 12.2     
12.14815  23.870696 12.2     
12.145919 23.84688  12.2     
12.143717 23.815971 12.2     
12.33953  23.781924 12.2     
12.141441 23.751186 12.2     
12.139105 23.72956  12.2     
12.136612 23.711869 12.2     
12.134094 23.689486 12.2     
12.405138 23.654517 12.2     
12.365982 23.614117 12.2     
12.131985 23.581214 12.2     
12.12913  23.567859 12.2     
12.126043 23.556275 12.2     
12.122866 23.542663 12.2     
12.384299 23.508199 12.2     
12.399065 23.464227 12.2     
12.120864 23.426267 12.2     
12.11765  23.408438 12.2     
12.114239 23.39685  12.2     
12.110711 23.383606 12.2     
12.365135 23.353367 12.2     
12.405206 23.316546 12.2     
12.105842 23.284615 12.2     
12.102236 23.268797 12.2     
12.097939 23.257212 12.2     
12.093328 23.245628 12.2     
12.088671 23.234043 12.2     
12.084075 23.222459 12.2     
12.079408 23.210874 12.2     
12.074335 23.19929  12.2     
12.068737 23.187706 12.2     
12.062717 23.176121 12.2     
12.056552 23.164537 12.2     
12.050447 23.152952 12.2     
12.044524 23.135826 12.2     
12.329605 23.097459 12.2     
12.290657 23.050705 12.2     
12.27622  22.998715 12.2     
12.299568 22.941007 12.2     
12.393367 22.880915 12.2     
12.412887 22.832741 12.2     
12.39431  22.782751 12.2     
12.354719 22.728437 12.2     
12.330514 22.676506 12.2     
12.346105 22.632479 12.2     
12.384828 22.591878 12.2     
12.413237 22.553776 12.2     
12.037743 22.532942 12.2     
12.031672 22.52135  12.2     
12.024546 22.509766 12.2     
12.01687  22.498181 12.2     
12.009091 22.486597 12.2     
12.001436 22.47372  12.2     
11.993733 22.444415 12.2     
12.38966  22.408781 12.2     
11.98823 22.37941 12.2    
11.979738 22.366986 12.2     
11.971049 22.355401 12.2     
11.962538 22.343817 12.2     
11.953604 22.323263 12.2     
11.944169 22.293639 12.2     
11.933821 22.263841 12.2     
11.92252  22.237761 12.2     
11.910736 22.213327 12.2     
12.342285 22.182441 12.2     
12.366231 22.136704 12.2     
12.352465 22.084582 12.2     
12.313665 22.028377 12.2     
12.285503 21.967618 12.2     
12.331728 21.904958 12.2     
12.368935 21.859113 12.2     
12.40077  21.817627 12.2     
12.397967 21.774709 12.2     
12.363103 21.736114 12.2     
12.334081 21.695194 12.2     
12.331263 21.653575 12.2     
12.36309  21.614997 12.2     
12.400299 21.577981 12.2     
12.408682 21.541572 12.2     
12.335375 21.494437 12.2     
12.296569 21.449875 12.2     
12.28279  21.398962 12.2     
12.306703 21.343845 12.2     
12.346323 21.284174 12.2     
12.382683 21.222604 12.2     
12.363488 21.170116 12.2     
12.32384  21.131816 12.2     
12.300201 21.092041 12.2     
12.314295 21.053807 12.2     
12.337676 21.008895 12.2     
12.365588 20.960991 12.2     
11.90217  20.920521 12.2     
11.882896 20.897874 12.2     
11.869327 20.885452 12.2     
11.854565 20.868531 12.2     
12.30988  20.833443 12.2     
12.344582 20.791726 12.2     
12.347049 20.742024 12.2     
12.315013 20.688457 12.2     
12.261539 20.649227 12.2     
12.253031 20.611497 12.2     
11.942726 20.573539 12.2     
11.830962 20.544712 12.2     
12.333892 20.513764 12.2     
12.345154 20.472269 12.2     
12.305564 20.426172 12.2     
12.286974 20.379104 12.2     
12.306477 20.332961 12.2     
12.346142 20.287254 12.2     
12.341563 20.246738 12.2     
11.806719 20.217021 12.2     
11.790054 20.191933 12.2     
11.771749 20.167905 12.2     
11.752354 20.143124 12.2     
11.734077 20.117981 12.2     
12.391317 20.077007 12.2     
12.387813 20.028657 12.2     
12.352617 19.970802 12.2     
12.318088 19.92205  12.2     
11.722239 19.886014 12.2     
11.70363 19.86623 12.2    
11.685702 19.85461  12.2     
11.667905 19.834882 12.2     
11.649115 19.80955  12.2     
11.625193 19.789853 12.2     
11.598695 19.778259 12.2     
11.57121  19.766674 12.2     
11.543847 19.755021 12.2     
11.51659  19.727138 12.2     
12.3567   19.690862 12.2     
12.317019 19.647916 12.2     
12.293944 19.595884 12.2     
12.308695 19.54002  12.2     
12.347708 19.489787 12.2     
11.525727 19.454074 12.2     
11.483484 19.424622 12.2     
12.292054 19.390833 12.2     
12.260862 19.343703 12.2     
12.264716 19.290798 12.2     
12.390533 19.243904 12.2     
11.449222 19.213611 12.2     
11.423061 19.190488 12.2     
12.394211 19.154825 12.2     
12.357384 19.107803 12.2     
12.321417 19.061177 12.2     
12.350301 19.017388 12.2     
11.394784 18.984762 12.2     
12.401649 18.93841  12.2     
12.376902 18.887298 12.2     
12.306275 18.835672 12.2     
12.288307 18.796138 12.2     
12.30842  18.749313 12.2     
12.34812  18.688885 12.2     
12.370907 18.647377 12.2     
11.39259  18.611205 12.2     
12.281097 18.569428 12.2     
12.253945 18.531076 12.2     
12.263683 18.491266 12.2     
12.301357 18.443945 12.2     
12.382602 18.393345 12.2     
12.378401 18.346305 12.2     
12.342884 18.309005 12.2     
11.378371 18.27591  12.2     
12.307295 18.237107 12.2     
12.300071 18.19695  12.2     
12.336762 18.161077 12.2     
11.339114 18.131455 12.2     
11.303881 18.112945 12.2     
11.265137 18.101317 12.2     
11.227265 18.089519 12.2     
11.188944 18.064717 12.2     
11.15133  18.036006 12.2     
12.42826  17.994225 12.2     
12.407845 17.947897 12.2     
12.30621  17.902617 12.2     
12.283707 17.856306 12.2     
12.299108 17.811918 12.2     
12.338249 17.768407 12.2     
12.365057 17.72886  12.2     
11.112332 17.699742 12.2     
11.072837 17.685663 12.2     
11.02928  17.671971 12.2     
10.982996 17.642777 12.2     
12.395067 17.608331 12.2     
10.934478 17.580135 12.2     
10.883483 17.568013 12.2     
10.829007 17.556429 12.2     
10.769022 17.541651 12.2     
12.262697 17.50353  12.2     
12.330153 17.454777 12.2     
12.368543 17.399731 12.2     
12.38066  17.359013 12.2     
12.355367 17.315602 12.2     
12.303437 17.276499 12.2     
10.730925 17.240039 12.2     
10.670369 17.215095 12.2     
10.610851 17.199237 12.2     
10.552367 17.187652 12.2     
10.492962 17.176766 12.2     
10.429859 17.17655  12.2     
10.359314 17.17655  12.2     
10.28494 17.17655 12.2    
10.210713 17.17655  12.2     
10.138239 17.17655  12.2     
10.074458 17.17655  12.2     
10.00729 17.17655 12.2    
 9.9328259 17.17655   12.2      
 9.8531816 17.17655   12.2      
 9.7733153 17.17655   12.2      
 9.6853561 17.17655   12.2      
12.360744 17.17637  12.2     
12.388844 17.174981 12.2     
12.350549 17.173592 12.2     
12.338767 17.172204 12.2     
12.387575 17.170815 12.2     
12.426982 17.169426 12.2     
12.444001 17.168037 12.2     
12.422985 17.166648 12.2     
12.383257 17.165259 12.2     
12.410704 17.16387  12.2     
12.426754 17.162481 12.2     
12.466009 17.161092 12.2     
12.492382 17.159704 12.2     
12.481625 17.158315 12.2     
12.383074 17.156926 12.2     
12.352768 17.155537 12.2     
12.35802  17.154148 12.2     
12.393997 17.152759 12.2     
12.427623 17.15137  12.2     
12.407646 17.149981 12.2     
12.374407 17.148592 12.2     
12.338131 17.147204 12.2     
12.332169 17.145815 12.2     
12.362003 17.144426 12.2     
12.420267 17.143037 12.2     
12.431714 17.141648 12.2     
12.405882 17.140259 12.2     
12.366523 17.13887  12.2     
12.349822 17.137481 12.2     
12.38517  17.136092 12.2     
12.424903 17.134704 12.2     
12.446523 17.133315 12.2     
12.430155 17.131926 12.2     
12.390847 17.130537 12.2     
12.386348 17.129148 12.2     
12.397444 17.127759 12.2     
12.435542 17.12637  12.2     
12.465616 17.124981 12.2     
12.460015 17.123592 12.2     
12.379812 17.122204 12.2     
12.346372 17.120815 12.2     
12.346365 17.119426 12.2     
12.379794 17.118037 12.2     
12.415925 17.116648 12.2     
12.472136 17.115259 12.2     
12.442075 17.11387  12.2     
12.403973 17.112481 12.2     
12.392865 17.111092 12.2     
12.418963  17.109704   9.6081171
12.489568  17.108315   9.6339068
12.50595   17.106926   9.6594399
12.484341  17.105537   9.6847188
12.44461   17.104148   9.7097463
12.423285  17.102759   9.7345248
12.400121  17.10137    9.7590566
12.439476  17.099981   9.7833444
12.465318  17.098592   9.8073906
12.453886  17.097204   9.8311974
12.41569   17.095815   9.8547674
12.381096  17.094426   9.8781029
12.387044  17.093037   9.9012061
12.423314  17.091648   9.9240795
12.45656   17.090259   9.9467253
12.456215  17.08887    9.9691457
12.465729  17.087481   9.9913431
12.429749 17.086092 10.01332 
12.424483 17.084704 10.035077
12.454776 17.083315 10.056619
12.492777 17.081926 10.077946
12.497453 17.080537 10.099061
12.471091 17.079148 10.119965
12.431833 17.077759 10.140662
12.415774 17.07637  10.161153
12.437677 17.074981 10.18144 
12.485959 17.073592 10.201525
12.506987 17.072204 10.22141 
12.48998  17.070815 10.241097
12.450576 17.069426 10.260588
12.425002 17.068037 10.279886
12.435714 17.066648 10.298991
12.474006 17.065259 10.317907
12.503615 17.06387  10.336634
12.497319 17.062481 10.355175
12.460907 17.061092 10.373531
12.395851 17.059704 10.391705
12.396545 17.058315 10.409698
12.43035  17.056926 10.427511
12.466182 17.055537 10.445148
12.471099 17.054148 10.462609
12.384474 17.052759 10.479896
12.346574 17.05137  10.497012
12.336142 17.049981 10.513957
12.362767 17.048592 10.530733
12.401968 17.047204 10.547343
12.503237 17.045815 10.563787
12.481047 17.044426 10.580067
12.441324 17.043037 10.596186
12.420596 17.041648 10.612144
12.43792  17.040259 10.627944
12.425252 17.03887  10.643586
12.450552 17.037481 10.659072
12.438448 17.036092 10.674405
12.400064 17.034704 10.689585
12.370691 17.033315 10.704614
12.439907 17.031926 10.719493
12.476463 17.030537 10.734224
12.509319 17.029148 10.748809
12.50827  17.027759 10.763249
12.474283 17.02637  10.777545
12.382732 17.024981 10.791698
12.37816  17.023592 10.805711
12.408904 17.022204 10.819584
12.446693 17.020815 10.83332 
12.456785 17.019426 10.846918
12.495686 17.018037 10.860382
12.456548 17.016648 10.873711
12.441134 17.015259 10.886908
12.463621 17.01387  10.899974
12.413548 17.011742 10.912909
12.399019 16.998973 10.925716
12.381377 16.985788 10.938395
12.341889 16.967782 10.950948
12.316857 16.954807 10.963377
12.329296 16.941834 10.975681
12.390222 16.924941 10.987863
12.419359 16.882787 10.999924
12.41237  16.829047 11.011865
12.375682 16.775059 11.023687
12.343026 16.728093 11.035392
12.303055 16.684234 11.04698 
12.33722  16.649767 11.058453
12.372744 16.634165 11.069811
12.376961 16.621192 11.081057
12.345996 16.608219 11.092191
12.334022 16.582961 11.103213
12.324273 16.550192 11.114127
12.351415 16.517716 11.124931
12.390496 16.489789 11.135628
12.405585 16.463864 11.146219
12.403809 16.429052 11.156704
12.36411  16.373959 11.167085
12.343986 16.313899 11.177363
12.361939 16.274475 11.187538
12.401465 16.2347   11.197613
12.420476 16.194743 11.207586
12.407704 16.156921 11.217461
12.369145 16.123773 11.227238
12.340249 16.092632 11.236917
12.347584 16.046181 11.2465  
12.326686 15.997894 11.255987
12.359137 15.950605 11.26538 
12.357386 15.902015 11.27468 
12.323039 15.849998 11.283887
12.287675 15.796503 11.293002
12.256464 15.750917 11.302027
12.287646 15.72318  11.310962
12.325212 15.703114 11.319808
12.334622 15.682965 11.328566
12.307224 15.647641 11.337237
12.347625 15.60711  11.345822
12.332867 15.568768 11.354321
12.355931 15.538495 11.362736
12.395616 15.511727 11.371067
12.415436 15.479447 11.379315
12.34711  15.433112 11.387481
12.307547 15.380719 11.395565
12.283065 15.331709 11.40357 
12.296169 15.29387  11.411494
12.334812 15.260874 11.41934 
12.373254 15.218602 11.427108
12.365575 15.168255 11.434798
12.328622 15.12424  11.442412
12.296372 15.083421 11.44995 
12.298474 15.04187  11.457413
12.315601 14.99843  11.464802
12.350803 14.951981 11.472117
12.354321 14.893951 11.47936 
12.322919 14.830886 11.48653 
12.285469 14.773011 11.49363 
12.286762 14.7295   11.500658
12.314414 14.692192 11.507617
12.353362 14.664308 11.514506
12.367798 14.65109  11.521327
12.344449 14.638117 11.52808 
12.346152 14.624826 11.534765
12.326639 14.59433  11.541385
12.345218 14.55546  11.547938
12.384809 14.516645 11.554426
12.409012 14.483224 11.56085 
12.343706 14.452185 11.567209
12.30498  14.428732 11.573506
12.276572 14.415725 11.579739
12.284597 14.402752 11.585911
12.321677 14.389779 11.592021
12.38883  14.362356 11.598071
12.386379 14.326487 11.60406 
12.351684 14.287635 11.60999 
12.316646 14.247287 11.61586 
12.313478 14.20636  11.621673
12.37777  14.168656 11.627427
12.415104 14.138214 11.633124
12.423829 14.110891 11.638765
12.395926 14.075319 11.644349
12.357049 14.020103 11.649878
12.323766 13.958729 11.655352
12.347397 13.918941 11.660771
12.387042 13.887768 11.666137
12.40625  13.866904 11.671449
12.387361 13.853357 11.676708
12.343573 13.840384 11.681915
12.319648 13.827411 11.68707 
12.333415 13.814304 11.692173
12.372215 13.787455 11.697226
12.400376 13.755613 11.702229
12.330374 13.719942 11.707182
12.293165 13.679066 11.712086
12.26133  13.635993 11.71694 
12.264134 13.59699  11.721747
12.298999 13.568104 11.726506
12.373639 13.543577 11.731217
12.376458 13.519362 11.735882
12.344631 13.49297  11.7405  
12.307422 13.46561  11.745072
12.29904  13.442503 11.749598
12.300365 13.4294   11.75408 
12.339166 13.416426 11.758517
12.352945 13.391489 11.76291 
12.329031 13.339576 11.767259
12.289411 13.295298 11.771565
12.349476 13.248041 11.775828
12.368678 13.200067 11.780048
12.408322 13.151857 11.784227
12.431965 13.109502 11.788364
12.417869 13.082937 11.79246 
12.368974 13.069908 11.796515
12.341062 13.046963 11.80053 
12.349774 12.993977 11.804504
12.387101 12.950801 11.80844 
12.418724 12.909635 11.812336
12.353855 12.876345 11.816193
12.318818 12.857167 11.820012
12.284117 12.844181 11.823793
12.281651 12.825234 11.827536
12.313688 12.799515 11.831242
12.382836 12.768328 11.834911
12.390876 12.726939 11.838544
12.362476 12.681194 11.842141
12.32375  12.638583 11.845701
12.310303 12.605505 11.849227
12.306953 12.576553 11.852717
12.346543 12.540157 11.856173
12.365132 12.485176 11.859594
12.345628 12.422188 11.862981
12.305963 12.356874 11.866334
12.317565 12.291814 11.869654
12.331991 12.22693  11.872941
12.370937 12.175935 11.876196
12.398598 12.155278 11.879417
12.389542 12.142301 11.882607
12.374742 12.120591 11.885765
12.343335 12.065661 11.888892
12.34684  12.023277 11.891988
12.382037 11.977898 11.895052
12.416565 11.928768 11.898087
12.417063 11.8781   11.901091
12.38482  11.822209 11.904065
12.347863 11.770545 11.90701 
12.340171 11.728048 11.909925
12.368815 11.686605 11.912811
12.315226 11.649095 11.915669
12.328336 11.613294 11.918498
12.303864 11.575448 11.921299
12.264303 11.532117 11.924072
12.246025 11.486421 11.926818
12.323566 11.440974 11.929536
12.363254 11.397606 11.932227
12.386327 11.355149 11.934891
12.371576 11.315952 11.937529
12.332563 11.283122 11.940141
12.315203 11.239175 11.942726
12.324601 11.186715 11.945286
12.362163 11.125138 11.947821
12.393355 11.066772 11.95033 
12.389499 11.028355 11.952814
12.311567 10.994102 11.955274
12.277211 10.961642 11.957709
12.275447 10.929564 11.96012 
12.307895 10.897132 11.962507
12.344721 10.864534 11.96487 
12.405239 10.82712  11.967209
12.376356 10.779534 11.969526
12.337794 10.727585 11.971819
12.32501  10.681173 11.974089
12.349758 10.642044 11.976337
12.360094 10.600333 11.978563
12.378057 10.563984 11.980766
12.357943 10.532156 11.982947
12.318243 10.482916 11.985107
12.295457 10.432581 11.987245
12.310696 10.373097 11.989362
12.349775 10.330457 11.991458
12.376926 10.291643 11.993533
12.367188 10.249601 11.995588
12.329513 10.208356 11.997621
12.26205  10.164096 11.999635
12.266253 10.108875 12.001629
12.301771 10.048893 12.003603
12.335946   9.9856342 12.005557 
12.337358   9.9422447 12.007492 
12.379491  9.900702 12.009407
12.342803   9.8600048 12.011304 
12.335802   9.8217455 12.013181 
12.364929   9.7845402 12.01504  
12.403405   9.7484351 12.01688  
12.355312   9.7139915 12.018702 
12.330285   9.6802519 12.020506 
12.290796   9.6458726 12.022292 
12.273145  9.609668 12.024061
12.293562   9.5726746 12.025811 
12.393888   9.5321115 12.027544 
12.416389   9.4844412 12.02926  
12.400987   9.4337282 12.030959 
12.361846   9.3862323 12.032641 
12.334953   9.3475884 12.034306 
12.346033   9.3127674 12.035955 
12.383819   9.2764339 12.037587 
12.41457    9.2343785 12.039203 
12.410015   9.1898366 12.040803 
12.374342   9.1472664 12.042387 
12.259084   9.1105274 12.043956 
12.258018   9.0763107 12.045508 
12.290866   9.0402136 12.047046 
12.327422   8.9984573 12.048568 
12.334077   8.9542521 12.050074 
12.328989   8.9121891 12.051566 
12.290604   8.8762965 12.053043 
12.278488   8.8430714 12.054505 
12.303782   8.8063286 12.055953 
12.343232   8.7603358 12.057386 
12.326227   8.7103526 12.058805 
12.305508   8.6612588 12.06021  
12.265786   8.6166658 12.061601 
12.243579   8.5740369 12.062978 
12.259305   8.5288249 12.064342 
12.312363   8.4768174 12.065691 
12.338997   8.4218782 12.067028 
12.328578  8.368849 12.068351
12.290685   8.3218092 12.069661 
12.260158   8.2773634 12.070958 
12.281733   8.2388328 12.072242 
12.317561   8.1961805 12.073513 
12.351372   8.1586539 12.074772 
12.352081   8.1226947 12.076018 
12.319036   8.0849713 12.077251 
12.292162  8.046426 12.078473
12.285854   8.0102498 12.079682 
12.315455   7.9691127 12.080879 
12.35375    7.9213855 12.082064 
12.365531   7.8796171 12.083238 
12.411946   7.8478594 12.0844   
12.372545  7.820362 12.08555 
12.355527   7.7929606 12.086689 
12.376544   7.7629871 12.087816 
12.416272  7.731875 12.088932
12.343605   7.7049349 12.090037 
12.32755   7.689617 12.091132
12.288295   7.6766436 12.092215 
12.261923   7.6636703 12.093287 
12.272681  7.650697 12.094349
12.362729   7.6377237 12.0954   
12.393034   7.6247505 12.096441 
12.387781  7.599786 12.097472
12.351803   7.5657564 12.098492 
12.318179   7.5269334 12.099502 
12.336433   7.4826115 12.100502 
12.369673   7.4359908 12.101492 
12.405948   7.3900731 12.102472 
12.411909   7.3471548 12.103442 
12.382075   7.3055422 12.104403 
12.306551   7.2674397 12.105354 
12.295104  7.23598  12.106296
12.320937   7.2073594 12.107228 
12.360296   7.1803784 12.108152 
12.376995   7.1550475 12.109065 
12.355094  7.130401 12.10997 
12.315363   7.0976286 12.110866 
12.293743   7.0470607 12.111753 
12.310112   6.9888525 12.112631 
12.34942    6.9318453 12.1135   
12.353335   6.8823831 12.114361 
12.342237   6.8362212 12.115213 
12.304139   6.7847325 12.116057 
12.274066   6.7332728 12.116892 
12.279667   6.6917341 12.117719 
12.37413    6.6513832 12.118538 
12.40757    6.6157601 12.119348 
12.407576   6.5821934 12.120151 
12.374146   6.5473768 12.120945 
12.338015   6.5085507 12.121732 
12.245331   6.4679875 12.122511 
12.27539    6.4284186 12.123282 
12.313491   6.4060377 12.124045 
12.324598   6.3930568 12.124801 
12.2985     6.3800835 12.125549 
12.359117   6.3661952 12.12629  
12.342745   6.3409169 12.127023 
12.364355  6.307023 12.127749
12.404086   6.2580504 12.128468 
12.42541    6.2026476 12.12918  
12.40761    6.1478054 12.129885 
12.368253   6.1050856 12.130582 
12.342411   6.0598176 12.131273 
12.353845   6.0183779 12.131957 
12.392041   5.9930819 12.132634 
12.406572   5.9800765 12.133304 
12.400621   5.9671032 12.133968 
12.364351   5.9419132 12.134625 
12.331106   5.9088719 12.135275 
12.331452   5.8634362 12.13592  
12.293171  5.815481 12.136557
12.329149   5.7701871 12.137188 
12.334413   5.7284504 12.137813 
12.304119   5.6872942 12.138432 
12.266119   5.6438491 12.139045 
12.300508   5.6077567 12.139651 
12.326874   5.5818984 12.140252 
12.366131   5.5603611 12.140846 
12.38219    5.5449615 12.141435 
12.360285   5.5319881 12.142018 
12.270417   5.5190148 12.142595 
12.249388   5.5060415 12.143165 
12.266395   5.4865984 12.143731 
12.305799   5.4572518 12.144291 
12.331373   5.4232781 12.144845 
12.417707  5.38341  12.145394
12.379422   5.3410638 12.145937 
12.349814   5.2986453 12.146475 
12.35611    5.2576872 12.147008 
12.392523   5.2173762 12.147535 
12.321764   5.1774328 12.148057 
12.321059   5.1378523 12.148574 
12.287254   5.0984222 12.149085 
12.251422   5.0574833 12.149592 
12.246507   5.0132253 12.150094 
12.354828   4.9675421 12.15059  
12.39273    4.9166332 12.151082 
12.40316    4.8554958 12.151569 
12.376535   4.8047769 12.15205  
12.337333   4.7641487 12.152528 
12.331955   4.7205339 12.153    
12.354152   4.6756582 12.153468 
12.393875   4.6345248 12.153931 
12.414601   4.6097267 12.154389 
12.397277  4.596728 12.154843
12.337211   4.5769547 12.155292 
12.311906   4.5282686 12.155737 
12.324011   4.4668684 12.156177 
12.362395   4.4104852 12.156613 
12.391768   4.3731025 12.157045 
12.387437   4.3439768 12.157473 
12.350885   4.3089405 12.157896 
12.31803    4.2559001 12.158315 
12.319079   4.1950673 12.158729 
12.353068   4.1403266 12.15914  
12.423233   4.1036738 12.159547 
12.427802   4.0748456 12.159949 
12.397057  4.03486  12.160348
12.359269   3.9868865 12.160742 
12.349178   3.9392578 12.161133 
12.33302    3.8900129 12.16152  
12.372159   3.8420178 12.161902 
12.387572   3.7946188 12.162282 
12.365084   3.7533806 12.162657 
12.325371   3.7166525 12.163028 
12.33672   3.703089 12.163396
12.354362   3.6901157 12.16376  
12.393851   3.6771424 12.164121 
12.418882   3.6641692 12.164478 
12.406442   3.6511959 12.164832 
12.35581    3.6382226 12.165181 
12.326674   3.6252493 12.165528 
12.333665  3.612276 12.165871
12.370353   3.5993027 12.16621  
12.403009   3.5863294 12.166547 
12.419826   3.5733562 12.16688  
12.385658   3.5603829 12.167209 
12.350135   3.5474096 12.167535 
12.345918   3.5344363 12.167858 
12.376884  3.521463 12.168178
12.369885   3.5084897 12.168495 
12.379632   3.4955165 12.168808 
