254.621 98.145 119.406 117.683
198.163 73.368 92.651 90.123
187.411 91.084 87.691 83.576
167.197 123.567 78.793 74.789
166.547 163.813 79.497 74.316
153.789 261.378 77.082 72.817
110.926 355.579 67.758 77.425
151.381 440.432 51.956 89.519
187.364 336.283 91.123 121.374
236.123 223.657 112.859 149.173
292.341 118.624 153.717 184.136
344.324 91.324 117.965 179.152
426.939 68.926 155.912 201.239
477.128 44.675 169.359 225.482
505.327 29.367 192.924 240.976
558.386 18.567 218.549 275.846
618.859 23.932 247.354 316.124
895.737 35.124 284.167 363.928
906.168 61.946 316.375 403.153
885.761 121.387 341.326 431.195
790.639 310.519 375.651 471.588
723.784 485.142 446.856 436.847
731.438 588.125 548.314 441.842
721.321 683.435 644.716 439.425
691.845 772.834 729.942 422.147
508.614 880.562 849.316 435.954
429.956 687.987 748.231 450.492
330.129 488.951 647.987 454.897
127.152 385.494 442.967 458.289
78.654 211.209 232.856 172.164
52.145 196.197 115.632 153.356
86.243 87.325 93.135 127.168
126.345 64.615 77.824 106.123
132.879 52.534 63.453 82.659
167.156 32.178 52.167 93.834
170.531 66.176 42.836 91.345
184.243 70.364 37.192 96.841
191.956 76.428 25.834 93.952
216.829 83.475 50.985 109.463
383.329 104.924 98.591 133.415
279.421 184.183 102.861 108.613
225.356 286.324 105.817 107.319
176.578 366.457 78.473 82.263
170.948 265.814 81.417 84.132
158.334 184.549 78.653 81.953
